1
INT1306
2018
1
1
1
70
2
INT1313
2019
1
3
1
100
3
INT1319
2019
1
2
1
100
4
INT1330
2019
1
3
1
100
5
INT1332
2019
1
3
1
50
6
INT1336
2018
2
1
1
99
7
INT1340
2019
1
1
1
100
8
INT1433
2018
2
1
1
100
9
INT1156
2018
2
2
1
100
10
INT1156
2018
2
3
1
50
11
INT1157
2018
2
1
1
50
12
INT1157
2018
1
1
1
100
13
INT1156
2018
1
1
1
100
14
INT1156
2017
2
5
1
100
15
INT1303
2018
1
1
1
100
16
INT1306
2018
1
1
1
50
17
INT1156
2018
1
2
1
100
18
INT1156
2018
1
3
1
100
19
INT1156
2019
1
1
1
100
20
INT1303
2018
1
2
1
100
21
INT1156
2018
1
4
1
50
23
INT1156
2019
2
2
1
100
24
INT1303
2019
1
1
1
50
25
INT1200
2019
2
2
1
50
26
INT1200
2022
1
4
1
100
27
INT1200
2022
1
2
1
100
